a	a	1597	819	10	13204	31795	0.00032790520521281	0.000341369337030737	0.00010211166932157	0.000609854808460835	0.000968286080343229
a	b	97173	48575	2114	565462	809927	0.0199521180376608	0.0202466612286545	0.0215864068945799	0.0261170645033233	0.0246655461611621
a	c	201159	98185	4453	1094065	1353367	0.0413031203352559	0.0409247232678424	0.0454703263488952	0.0505317177384659	0.0412154875828236
a	d	183511	83926	4205	739787	1268700	0.0376795316930544	0.034981395579538	0.0429379569497202	0.0341686352004556	0.0386370357015712
a	e	10454	4805	61	29875	91930	0.00214647527570114	0.00200278347305579	0.000622881182861577	0.00137984038191211	0.00279963954602777
a	f	38405	14353	715	146036	219913	0.00788553500701187	0.0059825080517731	0.00730098435649226	0.00674498309666665	0.00669723845845323
a	g	111177	45632	2140	729817	949657	0.0228274996868782	0.0190199824021814	0.021851897234816	0.0337081495566844	0.0289208886365941
a	h	8317	4894	135	56200	147433	0.00170769417141825	0.00203987977463788	0.0013785075358412	0.00259571646739616	0.00448992991612654
a	i	239796	82059	3685	761359	1232296	0.0492362909137201	0.0342032068710687	0.0376281501449986	0.0351649838772291	0.0375283869684743
a	j	8349	6574	96	28223	43132	0.00171426459506684	0.00274012456854709	0.000980272025487073	0.00130353925016587	0.00131354348851594
a	k	61027	26023	1263	206122	481731	0.0125304138750921	0.0108467084951781	0.0128967038353143	0.00952018273474434	0.0146706533030295
a	l	491793	270962	10410	2423375	3334526	0.100977761169207	0.112940315385253	0.106298247763754	0.111928725875021	0.101549775447164
a	m	150766	78836	2804	733862	1062837	0.0309561403688882	0.0328598205789441	0.0286321120777682	0.0338949764803609	0.032367676451447
a	n	989756	545812	20553	3951335	6391191	0.203222382148159	0.227501197293554	0.209870113956623	0.182500806542683	0.194637561947316
a	o	2425	1302	71	11632	49019	0.000497914917120265	0.000542689715279633	0.000724992852183147	0.000537248646774949	0.00149282639950762
a	p	87451	46290	1715	456625	572830	0.0179559412029214	0.0192942449464625	0.0175121512886493	0.0210901962975938	0.0174449855449917
a	q	2846	1186	10	12766	167930	0.000584357053247124	0.000494339479509712	0.00010211166932157	0.000589624847380416	0.00511414629570808
a	r	601526	318190	11551	2571028	3785659	0.123508770488942	0.132625530341649	0.117949189233346	0.118748393554032	0.115288596151158
a	s	430014	212601	9572	1592155	2682678	0.0882929423383727	0.0886147282320778	0.0977412898746069	0.073537063205465	0.0816983728713009
a	t	710430	333527	14655	3769015	4830604	0.145869564771031	0.139018181772711	0.149644651390761	0.174079969775145	0.147111388987272
a	u	65177	28295	1184	259600	440389	0.0133825156920196	0.0117937062164648	0.0120900216476739	0.0119901778458371	0.0134116225392758
a	v	105509	43966	2252	412773	972127	0.0216637133981204	0.0183255729815548	0.0229955479312176	0.0190647984590127	0.0296051908295588
a	w	35807	15147	631	183247	249464	0.00735209873704138	0.00631345707937066	0.00644324633419107	0.00846365223311289	0.00759718568160853
a	x	15380	3887	269	58467	96303	0.00315790986610709	0.00162014971066969	0.00274680390475023	0.00270042268148134	0.00293281504624293
a	y	166448	45677	3065	481951	1007223	0.0341760586081789	0.0190387389591611	0.0312972266470612	0.0222599314444492	0.0306740056833322
a	z	10183	4645	218	39865	75217	0.00209083200042708	0.00193609349268348	0.00222603439121023	0.00184124976819836	0.00229066123935137
b	a	85561	34895	1593	304804	570164	0.100178084485341	0.0885853257309971	0.0865760869565217	0.0823151868716562	0.0884209337914598
b	b	8132	3279	155	29773	74832	0.00952125598151949	0.0083241519722579	0.00842391304347826	0.00804047866409174	0.0116049335234819
b	c	713	202	11	7581	17463	0.000834807613726438	0.000512802286793564	0.000597826086956522	0.00204732034905718	0.00270815899776251
b	d	667	730	15	4807	10967	0.000780949058002152	0.00185319638296684	0.000815217391304348	0.00129817555967786	0.00170076044943374
b	e	240274	110036	5751	967631	1938504	0.281321969958634	0.279340160542657	0.312554347826087	0.261317852087924	0.300622862612301
b	f	47	102	0	1041	6296	5.50293938922056e-05	0.000258939768578928	0	0.00028113184057097	0.000976382583170861
b	g	35	39	0	3297	14658	4.09793358771744e-05	9.90063821037079e-05	0	0.000890385858177223	0.00227316008642289
b	h	206	93	4	1731	3982	0.000241192662591369	0.000236092141939611	0.000217391304347826	0.000467472829998415	0.000617527866293896
b	i	54734	25233	981	260783	396215	0.0640846562828932	0.064057129221099	0.0533152173913043	0.0704269018055902	0.0614449531751974
b	j	3418	3148	145	60708	46583	0.00400192485794806	0.00799159207339673	0.0078804347826087	0.0163947663567555	0.00722408352475353
b	k	35	29	0	1907	3055	4.09793358771744e-05	7.36201302822443e-05	0	0.000515003285272661	0.000473768867787005
b	l	100961	47073	2613	532934	730580	0.118208992271297	0.119500703199175	0.142010869565217	0.143923838926849	0.113298219125313
b	m	1018	703	38	36361	14104	0.00119191325494182	0.00178465350304889	0.00206521739130435	0.00981963002401638	0.00218724586293549
b	n	272	360	4	5712	7090	0.000318467981674041	0.000913905065572688	0.000217391304347826	0.00154257932117328	0.00109951596484775
b	o	98305	51087	2098	357012	768641	0.115099246097304	0.129690744680311	0.114021739130435	0.0964144482861895	0.119200712374688
b	p	191	42	3	4529	5266	0.00022363009007258	0.000106622257650147	0.00016304347826087	0.00122309904509695	0.000816650362607649
b	q	0	14	0	199	1820	0	3.5540752550049e-05	0	5.37418215884948e-05	0.000282245282936939
b	r	41364	24032	939	227924	317002	0.0484305499778126	0.0610082403773412	0.0510326086956522	0.0615530198177693	0.0491606149349316
b	s	27382	8584	388	135239	197501	0.0320598907139654	0.0217915585635443	0.0210869565217391	0.0365225638683741	0.0306284206732574
b	t	5004	1837	132	26344	52597	0.00585887419226802	0.00466345445960286	0.00717391304347826	0.00711444496445883	0.00815673359705175
b	u	84790	34289	1894	301643	646853	0.0992753682578748	0.0870469188706164	0.102934782608696	0.0814615290925545	0.100313850551433
b	v	1156	197	45	4530	24818	0.00135348892211467	0.000500109160882832	0.00244565217391304	0.00122336910450192	0.00384877111644448
b	w	713	239	3	3116	3588	0.000834807613726438	0.000606731418532979	0.00016304347826087	0.00084150510587814	0.000556426414932823
b	x	0	21	0	574	348	0	5.33111288250735e-05	0	0.000155014098451236	5.39677793747554e-05
b	y	85271	45037	1566	323641	417588	0.0998385414166439	0.114332062328325	0.0851086956521739	0.0874022958830254	0.064759474291797
b	z	15	39	0	478	2063	1.7562572518789e-05	9.90063821037079e-05	0	0.000129088395574374	0.000319929680603794
c	a	244382	140909	5268	1270962	1780199	0.129175315548747	0.153337961834453	0.139782949027516	0.124404874702633	0.14026448718969
c	b	59	39	0	2782	10072	3.11861905433956e-05	4.24400181077411e-05	0	0.000272308976525439	0.000793587635412982
c	c	33022	16049	617	204233	207776	0.0174547522732883	0.0174646115541317	0.0163716931567915	0.0199908264567649	0.0163709754304575
c	d	317	117	2	5314	11783	0.000167559701733159	0.000127320054323223	5.30686974288216e-05	0.000520147340494674	0.000928399832016597
c	e	329219	152077	6345	1596709	1781325	0.174018414652647	0.165491041891562	0.168360442592937	0.156289789216016	0.140353206379272
c	f	20	22	0	4017	13243	1.05715900147104e-05	2.3940523035136e-05	0	0.000393193802553088	0.00104343537090688
c	g	2	16	1	3627	22485	1.05715900147104e-06	1.74112894800989e-05	2.65343487144108e-05	0.000355019646965409	0.00177162609037539
c	h	260333	125217	5706	1333149	1529592	0.13760668716498	0.136261839676846	0.151404993764428	0.130491890634764	0.120518794522102
c	i	124070	71631	2521	706712	756209	0.0655808586562558	0.0779492547968103	0.0668930931090296	0.0691747021632804	0.0595828149511532
c	j	3	11	0	961	3379	1.58573850220656e-06	1.1970261517568e-05	0	9.40650346660486e-05	0.000266236360212516
c	k	93598	32344	1740	315085	681341	0.049473984109843	0.0351969216840199	0.0461697667630748	0.0308412918290863	0.0536838555500314
c	l	68969	37403	1389	383242	505106	0.036455599586228	0.0407021537765087	0.0368562103643166	0.0375126659890591	0.0397980417169291
c	m	133	194	18	8230	6744	7.03010735978239e-05	0.000211111884946199	0.000477618276859394	0.000805572565350239	0.000531369639915126
c	n	134	179	21	4605	12860	7.08296530985595e-05	0.000194788801058606	0.000557221323002627	0.00045074868328528	0.00101325823981443
c	o	344928	156949	7060	1744014	2694334	0.182321870029701	0.170792779538253	0.18733250192374	0.170708363546383	0.212290523041382
c	p	43	25	1	5022	7739	2.27289185316273e-05	2.72051398126545e-05	2.65343487144108e-05	0.000491565665029028	0.000609767147583505
c	q	2615	987	35	7986	13158	0.00138223539442338	0.0010740589198036	0.000928702205004378	0.000781689247495384	0.00103673809638245
c	r	73439	33787	1380	336918	535975	0.0388183499545157	0.0367672023540063	0.0366174012258869	0.0329783593648447	0.0422302554498087
c	s	13004	7848	243	108331	90537	0.00687364782756468	0.00854023748998851	0.00644784673760183	0.0106037037153046	0.00713354286610257
c	t	179757	96256	3738	1300714	1170252	0.0950158653137146	0.104746317512275	0.0991853954944676	0.127317073361722	0.0922058694913932
c	u	74059	30929	1114	536873	408443	0.0391460692449718	0.0336571107706237	0.0295592644678536	0.0525504446995479	0.0321818223362772
c	v	7	13	0	3237	5983	3.70005650514863e-06	1.41466727025804e-05	0	0.000316845491377731	0.000471409335055189
c	w	20	20	1	1632	2579	1.05715900147104e-05	2.17641118501236e-05	2.65343487144108e-05	0.0001597441587669	0.000203203188217839
c	x	2	10	0	564	901	1.05715900147104e-06	1.08820559250618e-05	0	5.52057019267965e-05	7.09911099590048e-05
c	y	20466	7619	354	136436	129370	0.0108179080620531	0.00829103840930459	0.00939315944490142	0.0133546899788731	0.0101932518261892
c	z	336	156	0	2530	2575	0.000177602712247134	0.000169760072430964	0	0.000247642599068786	0.000202888022357866
d	a	105191	32393	1699	559604	676230	0.0871409683747316	0.058786059611783	0.0775268081222907	0.0861141734052526	0.0784059781616225
d	b	1529	706	31	27048	23862	0.00126663441401797	0.00128123230592779	0.00141455624001825	0.00416225788640766	0.00276669690917681
d	c	2287	625	14	22136	21534	0.00189456697505501	0.00113423539830718	0.000638831850330824	0.0034063790510766	0.00249677525950103
d	d	24700	9513	513	145504	236713	0.0204616546934231	0.0172639701505539	0.0234086242299795	0.0223907561188946	0.0274458605926566
d	e	353196	174102	7233	1916998	2159672	0.292590064416934	0.315956242105722	0.330047912388775	0.294995565059439	0.250404737542356
d	f	1745	615	19	35940	25618	0.00144557034170135	0.00111608763193426	0.000866986082591832	0.00553059555004035	0.00297029760369171
d	g	18615	5705	469	96843	86647	0.0154207976566021	0.0103533007157479	0.0214008669860826	0.0149026005802047	0.0100463493038908
d	h	1899	1610	23	15595	18748	0.00157314503088302	0.00292179038603929	0.00104950946840064	0.00239982297169948	0.00217375046740621
d	i	207638	101614	4419	1181636	1390997	0.172008787742226	0.184406713221737	0.201642710472279	0.181835025135433	0.161280156758621
d	j	1876	705	58	8877	10039	0.00155409166821303	0.00127941752929049	0.0026465890942277	0.00136602940171698	0.00116397914136393
d	k	234	71	7	2307	6121	0.000193847254990324	0.000128849141247695	0.000319415925165412	0.000355010682636146	0.000709703787656998
d	l	17246	8001	410	65823	143460	0.0142867083742014	0.0145200278749691	0.0187086470454027	0.0101291149385171	0.0166335738240929
d	m	12524	4364	236	80757	77425	0.0103749701773454	0.00791968524514003	0.0107688797627196	0.0124272205017977	0.00897709782051022
d	n	9556	1149	199	29760	130700	0.00791625798584418	0.00208517835624791	0.00908053844398814	0.00457959164076797	0.0151541063628116
d	o	88979	29996	2004	530248	1098670	0.0737108329136071	0.0544360400121953	0.0914442162902122	0.0815967509520811	0.127386090571004
d	p	443	323	12	10157	13014	0.000366984333165443	0.000586172853845149	0.00054757015742642	0.00156300108519087	0.00150891767563603
d	q	922	490	16	2119	3982	0.000763791320944782	0.000889240552272826	0.000730093543235227	0.000326080466625918	0.000461695880158498
d	r	45012	21656	879	174854	299115	0.0372882591522413	0.0393008028571843	0.0401095140314853	0.0269072552672998	0.034681105774387
d	s	59132	40675	1331	254308	432301	0.0489853670174695	0.073816039721831	0.0607346566278804	0.0391339647506862	0.0501234532115517
d	t	1476	679	34	39828	35156	0.00122272883916974	0.00123223333672092	0.00155144877937486	0.00612889703859229	0.00407618793642696
d	u	57792	41944	1251	457189	314022	0.0478753015401744	0.0761189912745539	0.0570841889117043	0.0703541304654256	0.0364095087089733
d	v	11090	3337	194	65550	63635	0.00918703443522519	0.00605590963864168	0.00885238421172713	0.0100871045716512	0.00737820626164892
d	w	6208	3463	96	26031	25118	0.00514275110675185	0.0062845714949404	0.00438056125941136	0.00400575772852255	0.00291232474078884
d	x	1	20	0	684	2740	8.28407072608223e-07	3.62955327458296e-05	0	0.000105256743356361	0.000317691288707756
d	y	21538	10266	593	87517	193310	0.0178422315298359	0.0186304969584344	0.0270590919461556	0.0134674772051442	0.0224134682555096
d	z	162	57	0	1460	3015	0.000134201945762532	0.000103442268325614	0	0.000224670826462407	0.000349576363304337
e	a	376858	188042	7786	1437703	2508733	0.0681560917701345	0.0705440999101514	0.0721099523959472	0.0517329531603112	0.0671004759104249
e	b	26608	8618	247	227239	234971	0.00481215017279649	0.00323304928168008	0.00228758775260711	0.00817675454749413	0.00628471261196327
e	c	236212	111106	4537	1347852	1361249	0.042719769115176	0.0416815007531152	0.0420193750347306	0.0484998392456799	0.0364089983798953
e	d	585948	320089	12384	2470234	3222479	0.105970752008785	0.120081632806184	0.114694278252172	0.0888865779768201	0.0861908678649143
e	e	203588	78955	4527	848892	1390645	0.0368196042310317	0.0296200285489731	0.0419267601459611	0.0305457316804395	0.037195246095321
e	f	73345	29176	1519	419943	510345	0.013264700632282	0.0109453986820954	0.0140682016040899	0.0151108341215123	0.0136500745111201
e	g	60643	33920	1110	358100	382120	0.0109674993584222	0.0127251139051506	0.0102802526534166	0.0128855337484219	0.0102204713912926
e	h	11585	4804	244	61489	106976	0.00209518790408326	0.00180222426887806	0.00225980328597625	0.0022125623698875	0.00286126124661078
e	i	84754	35578	1642	315988	664131	0.015328058318746	0.0133471138713871	0.015207364735955	0.011370215130121	0.0177633515271918
e	j	1968	718	32	21411	20102	0.000355919706105813	0.000269358248346054	0.000296367644062459	0.000770433295413185	0.000537663341117353
e	k	21384	4916	315	58793	96853	0.00386737144073512	0.00184424115441393	0.00291736899623984	0.00211555204041042	0.00259050380943384
e	l	251438	125969	5486	1278471	1862061	0.0454734446462569	0.047257366554184	0.0508085279789579	0.0460032985671006	0.0498040960414048
e	m	159108	76484	3661	940256	1169125	0.0287752401418109	0.0286930310118379	0.0339063107785208	0.033833287964692	0.0312703041331124
e	n	675620	311009	14270	3832558	4193224	0.122188247885777	0.116675263871668	0.132161446274103	0.137907164065301	0.112155150029523
e	o	38557	21977	639	353391	431193	0.00697316875422858	0.00824468833412428	0.00591809139237224	0.0127160895193761	0.011533015075436
e	p	87810	37233	1752	453082	543309	0.0158807466428615	0.0139679883853324	0.0162261285124197	0.0163032767433748	0.0145317546611844
e	q	13641	8445	457	154788	99969	0.00246702271899868	0.0031681481995577	0.004232500416767	0.00556974587503695	0.00267384670919116
e	r	1064877	521487	21542	4956872	6716368	0.192586742316484	0.195636246316488	0.199510993387297	0.178363422068159	0.179641073477946
e	s	661168	368614	13271	3484593	4189257	0.119574552970817	0.138285823615365	0.122909218886028	0.125386318628916	0.112049045638208
e	t	218433	106080	4492	1295933	1807337	0.0395043745751073	0.0397959930146928	0.0416026080352677	0.0466316347589882	0.0483404064244858
e	u	10231	8843	148	56682	60557	0.00185031225262631	0.00331745820351554	0.00137070035378888	0.00203959180097194	0.00161970345975742
e	v	112376	51718	2545	567273	912135	0.0203235939498714	0.0194020471977176	0.0235704891918425	0.0204122183358518	0.0243966546438204
e	w	101626	28121	1440	398717	878650	0.0183794187259702	0.010549614626378	0.0133365439828107	0.0143470576921797	0.0235010394325322
e	x	82344	39202	1743	482335	541602	0.0148922013615737	0.0147066602390836	0.0161427751125271	0.017355889194485	0.0144860979442762
e	y	87574	33592	1693	272277	719805	0.0158380652146903	0.0126020644546527	0.0156797006686795	0.00979735959904796	0.0192524505647685
e	z	4603	2099	55	21888	25218	0.000832468702848099	0.000787441453033938	0.000509381888232352	0.00078759721498313	0.000674499758048822
f	a	67348	37033	1536	285928	503689	0.0786969685284574	0.0958554855542499	0.0871984104456429	0.066593286917459	0.0884819679578313
f	b	75	72	9	1611	6932	8.76384248921171e-05	0.000186363377525612	0.000510928186204939	0.000375205594499407	0.00121772959481681
f	c	119	29	0	6991	9008	0.000139052967495492	7.50630270589271e-05	0	0.00162821993243039	0.00158241606897142
f	d	33	71	1	3427	6319	3.85609069525315e-05	0.000183774997282201	5.67697984672154e-05	0.000798156159124436	0.0011100451975833
f	e	97013	45201	2220	518803	723138	0.113360886854119	0.116997375382433	0.126028952597218	0.1208304084687	0.127032103828136
f	f	83891	25345	1473	397076	473454	0.0980276680349946	0.0656024972692588	0.0836219131422083	0.0924799110126918	0.0831706502574149
f	g	412	321	3	3548	19115	0.000481427080740697	0.00083087005813502	0.000170309395401646	0.000826337336613219	0.00335789111438595
f	h	38	21	0	2089	3080	4.4403468612006e-05	5.43559851116368e-05	0	0.000486532890694762	0.000541057004044401
f	i	141672	58881	2926	716770	751044	0.165545479084214	0.152406417112299	0.166108430315072	0.166937376765574	0.131934291086209
f	j	69	59	0	483	2074	8.06273509007477e-05	0.000152714434361265	0	0.000112491807661833	0.000364335138437691
f	k	226	49	0	500	3274	0.000264083787008246	0.000126830631927153	0	0.000116451146647861	0.00057513656858486
f	l	24935	19393	631	69081	150015	0.0291368549957992	0.0501964580604749	0.0358217428328129	0.0160891233231617	0.026352813786273
f	m	529	78	2	7785	9827	0.000618143023572399	0.00020189365898608	0.000113539596934431	0.00181314435330719	0.00172628804504686
f	n	202	88	1	4103	12565	0.000236039491042769	0.000227777461420192	5.67697984672154e-05	0.000955598109392344	0.00220726664149932
f	o	237139	103248	4849	1278214	1513486	0.277099845873223	0.267245083371728	0.275276752767528	0.297698971922697	0.265870844423099
f	p	26	12	2	3824	2512	3.03813206292673e-05	3.10605629209353e-05	0.000113539596934431	0.000890618369562838	0.000441277660441408
f	q	0	16	0	145	1590	0	4.14140838945805e-05	0	3.37708325278796e-05	0.000279311894944999
f	r	94289	48605	1833	334662	613268	0.110177859262038	0.125808221731005	0.104059040590406	0.0779435472789326	0.107731476219579
f	s	3500	1713	36	37242	22034	0.00408979316163213	0.00443389535696352	0.00204371274481976	0.00867374720691925	0.00387066559321894
f	t	48576	23018	926	206125	253608	0.0567616550341264	0.0595793364428408	0.0525688333806415	0.0480069852055805	0.0445507742473027
f	u	36438	16489	940	184751	325796	0.0425782523495862	0.0426798018336086	0.0533636105591825	0.0430289315886778	0.0572318856135226
f	v	45	29	0	692	1779	5.25830549352703e-05	7.50630270589271e-05	0	0.000161168386960639	0.000312513120193178
f	w	135	90	6	3380	3367	0.000157749164805811	0.000232954221907015	0.000340618790803293	0.000787209751339538	0.000591473679421266
f	x	4	28	0	1918	1825	4.67404932757958e-06	7.24746468155158e-05	0	0.000446706598541193	0.000320593841682153
f	y	3580	1171	73	34465	29680	0.00418327414818372	0.00303099326503461	0.00414419528810673	0.00802697753843703	0.00521382203897332
f	z	13	19	0	122	643	1.51906603146336e-05	4.91792246248143e-05	0	2.8414079782078e-05	0.000112954432987192
g	a	85586	39520	1562	321245	524909	0.104289993103062	0.0970420826723897	0.0941587799144011	0.0776890503287779	0.0828710432478703
g	b	213	296	11	4662	6781	0.000259549091334472	0.000726833412728425	0.000663089999397191	0.00112744588283946	0.00107056374393239
g	c	36	27	0	6816	9539	4.38674520565305e-05	6.62989937286063e-05	0	0.00164836360734315	0.00150598843140703
g	d	907	1221	11	7092	12636	0.00110521608375759	0.00299818782750475	0.000663089999397191	0.00171511072524613	0.00199493341222972
g	e	192067	88787	3683	1093489	1451275	0.234041386503935	0.218018102080806	0.222014587979987	0.26444651887178	0.229122901854518
g	f	495	345	17	8117	6898	0.000603177465777295	0.000847153808754414	0.00102477545361384	0.00196299404354524	0.00108903534960119
g	g	14354	4705	301	52804	115318	0.0174909279672066	0.0115532135367812	0.0181445536198686	0.0127699812092353	0.0182060566026833
g	h	120549	53546	2845	425620	834307	0.146893818832297	0.131483182155258	0.171499186207728	0.102930827253138	0.131717862484737
g	i	60334	36473	1487	393630	499056	0.0735194125660753	0.0895601184542021	0.089637711736693	0.0951944493483692	0.078789449902953
g	j	22	50	0	556	1846	2.68078873678798e-05	0.000122775914312234	0	0.000134461585340785	0.000291440889440967
g	k	108	127	1	2015	2491	0.000131602356169592	0.000311850822353074	6.02809090361083e-05	0.000487302328168493	0.000393271536076625
g	l	21746	17352	584	94963	210385	0.0264983781228142	0.0426081533029176	0.0352040508770872	0.0229656034689154	0.0332149466549501
g	m	2127	1494	57	32237	19928	0.00259183529234001	0.00366854431964955	0.00343601181505817	0.00779611173854477	0.003146172288613
g	n	33792	16348	768	161985	199491	0.0411769149970633	0.040142812943528	0.0462957381397311	0.039174028599689	0.0314950349271224
g	o	61719	26271	1404	196973	648984	0.0752070909299169	0.0645089208979339	0.084634396286696	0.0476354349808102	0.102459628490226
g	p	197	94	1	5459	12889	0.000240052445976014	0.000230818718907	6.02809090361083e-05	0.0013201902776535	0.00203487628602634
g	q	7	44	0	284	1319	8.52978234432538e-06	0.000108042804594766	0	6.86818169726313e-05	0.000208239725445631
g	r	83819	50182	2096	445867	537233	0.102136832331287	0.12322281864033	0.126348785339683	0.107827308761043	0.0848167190449833
g	s	29610	15943	534	125661	220860	0.0360809793164964	0.0391483280375989	0.0321900054252818	0.030389527473936	0.0348687079317075
g	t	11501	4757	250	58760	65210	0.0140144323917266	0.0116809004876659	0.0150702272590271	0.0142103646665909	0.0102951573133507
g	u	39230	16737	697	204721	276891	0.0478033373382692	0.0410980095568772	0.0420157935981675	0.0495091910297678	0.0437147125234013
g	v	19	32	0	1303	2066	2.31522663631689e-05	7.85765851598297e-05	0	0.000315114110969502	0.00032617382317716
g	w	388	259	1	4486	3925	0.000472793649942607	0.000635979236137372	6.02809090361083e-05	0.00108488250330713	0.000619667113247993
g	x	8	59	0	199	707	9.748322679229e-06	0.000144875578888436	0	4.81256393575832e-05	0.000111619018870403
g	y	9146	8721	148	94643	79795	0.0111447699030286	0.0214145749743398	0.00892157453734402	0.0228882155061294	0.0125977929430888
g	z	38	100	1	5726	732	4.63045327263378e-05	0.000245551828624468	6.02809090361083e-05	0.00138476085910312	0.000115565943158607
h	a	495560	152133	9600	1610844	3798969	0.185717487259936	0.12566484254001	0.161409644226243	0.161423437646088	0.199132782497894
h	b	3635	1110	59	7966	32743	0.00136226302806899	0.000916881775942179	0.000991996771807115	0.000798276620385796	0.00171630900313441
h	c	575	210	59	7046	11423	0.000215488649556993	0.000173464119772845	0.000991996771807115	0.000706082986095697	0.000598766079553016
h	d	2534	823	14	8995	28060	0.000949649109525947	0.000679814145585958	0.000235389064496604	0.000901393196129831	0.00147083745007946
h	e	1364582	706149	31868	4833195	8627426	0.511394665025705	0.583292927207021	0.535812764812698	0.484336752481236	0.452228840291846
h	f	732	303	24	5510	7836	0.000274326419957772	0.000250283944243676	0.000403524110565606	0.000552159701020052	0.000410744200243144
h	g	188	40	2	1461	3161	7.04554193334168e-05	3.30407847186371e-05	3.36270092138005e-05	0.00014640749967156	0.000165691987872458
h	h	497	97	4	3487	15888	0.000186257145791001	8.01239029426949e-05	6.72540184276011e-05	0.000349433916053888	0.000832810598961597
h	i	306296	140517	7965	1234333	2372189	0.114788367660363	0.116069798657718	0.133919564193961	0.123693092602393	0.124344419809926
h	j	33	27	0	424	3393	1.23671746702274e-05	2.230252968508e-05	0	4.24892401510893e-05	0.000177852867716308
h	k	367	169	3	2362	3468	0.000137537972847681	0.000139597315436242	5.04405138207008e-05	0.000236697134992625	0.000181784186631346
h	l	8109	3756	137	34578	61187	0.00303895210305679	0.00310252968508002	0.00230345013114534	0.00346507770269898	0.00320727480605887
h	m	5322	2692	151	55944	41335	0.00199448798772577	0.00222364481156427	0.00253883919564194	0.00560617464861449	0.00216668089804114
h	n	16474	7717	342	118883	102508	0.00617384350052504	0.00637439339184306	0.00575021857555989	0.0119133215492499	0.00537322185790253
h	o	251966	89322	5311	962164	1740688	0.094427500998743	0.0737817243159525	0.0892965229672473	0.0964189086338036	0.0912426621277231
h	p	370	292	14	6848	12769	0.000138662261454065	0.000241197728446051	0.000235389064496604	0.000686241312628914	0.000669320149681561
h	q	168	415	2	1413	3516	6.29601619575214e-05	0.00034279814145586	3.36270092138005e-05	0.000141597397012946	0.00018430023073697
h	r	41850	22354	856	169446	304444	0.0156838260590611	0.0184648425400103	0.0143923599435066	0.0169802636477393	0.0159582194102634
h	s	11191	4301	154	32567	58678	0.00419397126468227	0.00355271037687145	0.00258927970946264	0.00326355444339747	0.00307575908395447
h	t	69838	26379	1710	445274	931668	0.0261726892308892	0.0217895715023232	0.0287510928777995	0.0446211177335758	0.0488357870791385
h	u	26909	16305	669	97143	236238	0.0100844940363985	0.0134682498709344	0.0112482345820163	0.00973474588678602	0.0123830255713425
h	v	178	131	4	1578	3089	6.67077906454691e-05	0.000108208569953536	6.72540184276011e-05	0.000158132124901932	0.000161917921714021
h	w	3203	4078	69	11639	16607	0.00120036546874965	0.00336850800206505	0.00116013181787612	0.00116634968424181	0.000870498842960426
h	x	0	15	0	140	3119	0	1.23902942694889e-05	0	1.40294660876238e-05	0.000163490449280037
h	y	13927	10725	340	84699	196084	0.00521932247370476	0.00885906040268456	0.00571659156634609	0.00848772677254037	0.0102782498418168
h	z	14	16	1	355	1038	5.24668016312678e-06	1.32163138874548e-05	1.68135046069003e-05	3.55747175793319e-05	5.44094537841225e-05
i	a	146491	91169	2472	741345	843669	0.0325013872178057	0.041777657208661	0.0266980592066184	0.0325758584083302	0.0276265254253272
i	b	33315	20061	891	338112	318887	0.00739146920398658	0.00919283507840328	0.00962296551500686	0.014857169925146	0.0104421755609206
i	c	378235	179146	7018	1868242	2136221	0.0839175252699944	0.0820925992201602	0.0757957036861034	0.0820934745152334	0.0699520354198365
i	d	238741	62172	3509	717405	1182768	0.052968535171213	0.0284899527687796	0.0378978518430517	0.0315238973776422	0.0387305569177764
i	e	185192	107479	3709	1034928	1200178	0.0410878272497278	0.0492516186327554	0.0400578889956907	0.0454763544514583	0.039300659419652
i	f	64774	31935	1620	594545	616871	0.0143711549217778	0.014634025633259	0.0174963009363761	0.0261252368834762	0.0201998679169758
i	g	135393	61546	3077	577937	946425	0.0300391172125275	0.0282030919563037	0.0332321715933514	0.0253954553965227	0.0309913417770066
i	h	693	415	5	5715	14545	0.00015375320901584	0.000190171305395412	5.40009288159756e-05	0.000251126035521393	0.000476286093611813
i	i	1215	975	11	14595	17536	0.00026956731450829	0.000446788006651871	0.000118802043395146	0.00064132711958613	0.000574228459097749
i	j	1347	582	3	7742	23834	0.000298853640035117	0.000266698071662963	3.24005572895854e-05	0.000340195584778062	0.000780460828817048
i	k	32383	8361	596	78813	318939	0.00718468999647898	0.00383137899858082	0.0064369107148643	0.0034631664457651	0.010443878336917
i	l	264430	122799	5144	1125917	1822504	0.0586680534777179	0.0562719183885571	0.0555561555658757	0.0494745533746528	0.0596791550877899
i	m	133078	63883	3102	1113327	1045825	0.0295254971852957	0.02927400843994	0.0335021762374313	0.0489213290899258	0.0342462635855328
i	n	1197246	565865	23895	5076528	7961166	0.265628303724932	0.259304302958012	0.258070438811548	0.223070577577139	0.260693891697159
i	o	335236	172292	7046	2448816	2038436	0.0743775047296306	0.0789517940944249	0.0760981088874729	0.10760480381476	0.0667499979042757
i	p	36890	23560	956	254152	261396	0.00818464052033813	0.0107962312171468	0.0103249775896145	0.0111678362519393	0.00855959296842582
i	q	3252	3033	117	25133	28251	0.000721508565251819	0.00138985438376936	0.00126362173429383	0.00110438331596836	0.000925098551435362
i	r	153512	80695	3381	685772	955104	0.0340591091232894	0.0369780084069464	0.0365154280653627	0.0301338938987886	0.0312755416399462
i	s	483558	250648	11496	2422103	3774665	0.10728512878107	0.114857969529516	0.124158935533691	0.106430992828429	0.123604018394172
i	t	498487	231528	10807	2512342	3688567	0.110597367824933	0.106096342158046	0.11671760754285	0.110396235578983	0.120784679783805
i	u	6050	5917	101	31541	43728	0.00134228991997955	0.00271143039524013	0.00109081876208271	0.00138596085500967	0.00143190363021364
i	v	124826	68742	2623	714469	765484	0.0276946581076641	0.0315006165674492	0.0283288872568608	0.0313948849471451	0.0250663034776449
i	w	820	392	8	2873	7064	0.000181930204030286	0.000179631690879522	8.6401486105561e-05	0.000126244111995269	0.000231315569974139
i	x	10371	4159	230	58635	58458	0.00230097334877817	0.0019058372509386	0.00248404272553488	0.00257651357704233	0.00191424767688961
i	y	803	235	1	2518	4977	0.000178158480288195	0.000107687365705836	1.08001857631951e-05	0.000110644856945384	0.000162975310271983
i	z	28246	19036	690	189109	223884	0.00626682993053594	0.00872313486628208	0.00745212817660464	0.00830974513585567	0.00733123656116791
j	a	5010	2212	126	22688	60016	0.0762719605395366	0.083111027616006	0.0900643316654753	0.0524662951229101	0.0838055447723471
j	b	5	16	0	1157	4523	7.61197210973419e-05	0.000601164756716138	0	0.00267557755012372	0.00631585708819858
j	c	31	20	0	1467	3331	0.00047194227080352	0.000751455945895172	0	0.00339245658256828	0.00465136413017675
j	d	35	35	0	1196	3447	0.000532838047681393	0.00131504790531655	0	0.00276576555743126	0.00481334498850774
j	e	12004	6213	291	133802	104000	0.182748226410498	0.233439789592335	0.208005718370264	0.309418865481118	0.145224217813985
j	f	8	22	0	970	4096	0.000121791553755747	0.000826601540484689	0	0.0022431376176491	0.00571959996313539
j	g	0	19	0	639	2441	0	0.000713883148600413	0	0.00147769581203894	0.00340857995849939
j	h	3	28	0	1674	5149	4.56718326584051e-05	0.00105203832425324	0	0.00387114677520061	0.00718999516850198
j	i	1388	861	28	6100	10157	0.0211308345766221	0.0323501784707872	0.0200142959256612	0.0141063293481026	0.0141830998109292
j	j	10	38	0	1019	2502	0.000152239442194684	0.00142776629720083	0	0.0023564507550355	0.00349375954779413
j	k	43	28	0	2058	3165	0.00065462960143714	0.00105203832425324	0	0.00475915177022871	0.00441956393635828
j	l	11	32	0	879	2543	0.000167463386414152	0.00120232951343228	0	0.0020326989339315	0.00355101140289387
j	m	51	30	0	1463	3939	0.000776421155192887	0.00112718391884276	0	0.00338320653053673	0.00550036724970466
j	n	29	33	0	991	2716	0.000441494382364583	0.00123990231072703	0	0.0022917003908147	0.0037925863036806
j	o	21927	10544	411	72862	135705	0.333815424900283	0.396167574675935	0.293781272337384	0.168494322780566	0.189496658446604
j	p	5	24	0	22705	8309	7.61197210973419e-05	0.000901747135074206	0	0.0525056078440441	0.0116025771713115
j	q	0	14	0	50	1250	0	0.00052601916212662	0	0.000115625650394283	0.00174548338718731
j	r	4	26	0	1287	4110	6.08957768778735e-05	0.000976892729663723	0	0.00297620424114886	0.00573914937707189
j	s	10	21	0	4482	6411	0.000152239442194684	0.00078902874318993	0	0.0103646833013436	0.0089522351962063
j	t	13	17	0	924	3009	0.000197911274853089	0.000638737554010896	0	0.00213676201928636	0.0042017276096373
j	u	24946	5197	541	137136	301145	0.379776512498858	0.19526582754086	0.386704789135096	0.317128783849409	0.420514875707619
j	v	2	22	0	508	1419	3.04478884389368e-05	0.000826601540484689	0	0.00117475660800592	0.00198147274113504
j	w	0	16	0	1010	1162	0	0.000601164756716138	0	0.00233563813796453	0.00162260135672933
j	x	0	15	0	147	302	0	0.000563591959421379	0	0.000339939412159193	0.000421708786344455
j	y	4	21	0	105	388	6.08957768778735e-05	0.00078902874318993	0	0.000242813865827995	0.000541798043382942
j	z	6	12	0	93	254	9.13436653168103e-05	0.000450873567537103	0	0.000215063709733367	0.000354682224276462
k	a	10021	5563	152	52414	76126	0.0295051172431662	0.0431240310077519	0.0262023789001896	0.0437167676582329	0.0277393551509074
k	b	884	409	7	6246	6804	0.00260278651261939	0.00317054263565891	0.00120668850198242	0.00520958008916172	0.00247929186410391
k	c	95	67	1	2156	4925	0.000279711220247559	0.00051937984496124	0.000172384071711774	0.00179824762603789	0.00179460794102171
k	d	763	176	13	3877	4811	0.00224652274788303	0.00136434108527132	0.00224099293225306	0.00323367627372398	0.0017530677775138
k	e	146463	45280	2755	393795	1038359	0.431235204748613	0.351007751937985	0.474918117565937	0.328451263402408	0.378364935437841
k	f	839	310	30	3616	6640	0.00247029172408107	0.0024031007751938	0.00517152215135322	0.0030159848867129	0.00241953233063638
k	g	572	550	28	14349	10201	0.00168415597875372	0.00426356589147287	0.00482675400792967	0.011968021885908	0.0037171158591599
k	h	2159	1016	26	6560	12786	0.00635680552120505	0.00787596899224806	0.00448198586450612	0.00547147700686854	0.0046590572860718
k	i	57323	26360	1086	217489	501128	0.168777750297377	0.204341085271318	0.187209101878986	0.181400314443115	0.182604728582402
k	j	47	50	12	505	3894	0.000138383445806687	0.000387596899224806	0.00206860886054129	0.000421203641534849	0.00141892453245453
k	k	612	233	31	3714	7865	0.00180192912412112	0.0018062015503876	0.00534390622306499	0.00309772341516917	0.00286590689464686
k	l	10073	3190	132	26941	43097	0.0296582223321438	0.0247286821705426	0.0227546974659541	0.0224705887259215	0.0157040037429874
k	m	688	357	18	8514	9697	0.00202569810031917	0.00276744186046512	0.00310291329081193	0.00710124317629249	0.00353346460996702
k	n	18105	9253	503	65537	271527	0.0533070699219164	0.0717286821705426	0.0867091880710222	0.0546622238718206	0.0989410173404675
k	o	4532	2090	143	22226	36603	0.0133436973701257	0.0162015503875969	0.0246509222547837	0.0185379646272348	0.013337671972633
k	p	546	231	10	10831	8217	0.00160760343426492	0.0017906976744186	0.00172384071711774	0.00903377552765139	0.00299417125916252
k	q	0	11	0	323	3718	0	8.52713178294574e-05	0	0.000269403517258923	0.0013547923501967
k	r	3105	791	12	10624	15124	0.00914214040914391	0.00613178294573643	0.00206860886054129	0.00886112373795295	0.00551099502538323
k	s	36848	16880	619	155220	269853	0.108492621512443	0.130852713178295	0.106705740389588	0.129463820275325	0.0983310328342198
k	t	1045	620	15	10520	11893	0.00307682342272315	0.0048062015503876	0.00258576107567661	0.00877438080979528	0.00433365933859314
k	u	1735	754	7	17307	18196	0.00510841018031069	0.00584496124031008	0.00120668850198242	0.0144351909387003	0.00663039311570174
k	v	225	62	0	1048	2150	0.000662473942691587	0.00048062015503876	0	0.000874101814511925	0.000783432908263286
k	w	1154	639	26	6319	9484	0.0033977552438493	0.00495348837209302	0.00448198586450612	0.00527046695219547	0.00345585009393907
k	x	1	14	0	191	265	2.94432863418483e-06	0.000108527131782946	0	0.000159306723828032	9.65626607859399e-05
k	y	5975	2499	112	15456	40505	0.0175923635892544	0.0193720930232558	0.0193070160317187	0.0128913336308171	0.0147595116042811
k	z	13	22	0	438	1161	3.82762722444028e-05	0.000170542635658915	0	0.000365321178202503	0.000423053770462174
l	a	264856	161868	5318	1197554	1502977	0.120974994804382	0.145783948526922	0.11698196216454	0.119528296237149	0.0950365140553757
l	b	5418	2400	77	25505	34471	0.00247471275655504	0.00216152344172173	0.00169379674439067	0.0025456632398443	0.00217967651933653
l	c	4616	3226	57	39087	40681	0.00210839314954929	0.00290544775958095	0.00125384953805543	0.00390128755364807	0.00257234836480315
l	d	147300	55847	3190	463644	1095493	0.0672803966483126	0.0502977498540972	0.0701715794104707	0.0462764746980737	0.0692704119171921
l	e	406342	219743	9019	2021853	2913318	0.18559980268071	0.197908185689274	0.198394192696876	0.201801876434774	0.184215451769907
l	f	22511	9413	565	62952	179263	0.0102820706649706	0.00847767506538608	0.0124285085789705	0.00628326180257511	0.011335190504651
l	g	2842	2535	40	16020	24794	0.00129810514103533	0.00228310913531857	0.00087989441267048	0.00159896197225272	0.00156777870152969
l	h	1307	661	35	7236	7620	0.000596982202439542	0.000595319581240859	0.00076990761108667	0.00072222776724224	0.000481829221007349
l	i	329033	154108	6160	1542229	2373891	0.150288328244292	0.138795022732022	0.135503739551254	0.15393043217886	0.150106305943092
l	j	68	54	0	1878	4354	3.10595178009861e-05	4.86342774387388e-05	0	0.000187443856672323	0.000275312917095275
l	k	13847	5342	257	39270	105242	0.00632472269103316	0.00481119092736561	0.00565332160140783	0.00391955284958579	0.00665468121748759
l	l	329633	138487	7201	1307343	2529061	0.150562382813124	0.124726207030715	0.158402991641003	0.130486375885817	0.159918043505258
l	m	16010	6868	329	46220	83333	0.00731268941167335	0.00618555958239367	0.00723713154421469	0.00461323485377782	0.00526932735881961
l	n	2403	1485	55	27984	25999	0.00109758854817308	0.00133744262956532	0.00120985481742191	0.00279309312306617	0.00164397347991733
l	o	169539	98430	3861	850070	1130814	0.0774382292420793	0.0886494801536123	0.084931808183018	0.0848457929933127	0.071503835790578
l	p	13332	6623	261	74946	102202	0.00608949251945216	0.00596490406438458	0.00574131104267488	0.00748038726419802	0.00646245538653453
l	q	31	37	2	1013	1727	1.41594860563319e-05	3.33234863932099e-05	4.3994720633524e-05	0.000101107894999501	0.000109201976992086
l	r	5041	2673	107	16503	45516	0.00230251513580546	0.00240739673321757	0.00235371755389353	0.00164717037628506	0.00287807596107225
l	s	81878	49359	1495	378993	492395	0.0373983999780756	0.0444544314833094	0.0328860536735592	0.0378274278870147	0.0311352098789913
l	t	54482	33427	1040	299252	378130	0.024885068365196	0.0301055183693467	0.0228772547294325	0.0298684499451043	0.0239099846902243
l	u	56392	32162	1196	350680	350051	0.0257574754093119	0.0289662153886059	0.0263088429388473	0.0350014971554047	0.0221344882733391
l	v	14435	7179	376	74723	116545	0.00659329616848875	0.00646565699505011	0.00827100747910251	0.00745812955384769	0.00736939456198183
l	w	4886	2085	116	14433	54526	0.0022317177055238	0.00187782348999575	0.00255169379674439	0.00144056293043218	0.00344779791399563
l	x	30	25	0	781	560	1.37027284416115e-05	2.25158691846013e-05	0	7.7951891406328e-05	3.54100214913538e-05
l	y	180595	86965	4533	692694	1444639	0.0824881414304278	0.0783237025455541	0.0997140343158821	0.0691380377283162	0.0913476750665139
l	z	518	182	7	3720	4378	0.000236600444425159	0.000163915527663898	0.000153981522217334	0.000371294540373291	0.000276830489444905
m	a	228289	140907	5096	1349264	1662596	0.175258293886162	0.211713214214882	0.188287456124146	0.185450317629768	0.16921669559893
m	b	46383	25608	1025	238369	293669	0.0356083974493815	0.0384761011845735	0.0378717901348605	0.0327627556676012	0.0298892200990754
m	c	337	120	4	8935	20333	0.000258716123158087	0.000180300380433803	0.000147792351745797	0.00122807589027943	0.00206946430258045
m	d	285	72	3	4529	6498	0.000218795534421528	0.000108180228260282	0.000110844263809348	0.000622490845783494	0.000661357351997629
m	e	377769	190420	8150	2551837	2972827	0.290014632431179	0.286106653685039	0.301126916682062	0.350738611709343	0.302570174310104
m	f	1979	569	57	6465	14893	0.00151928548287791	0.000854924303890281	0.00210604101237761	0.000888585409138946	0.00151578871088038
m	g	121	45	0	17429	17114	9.28921391754556e-05	6.7612642662676e-05	0	0.00239553829789369	0.0017418389846241
m	h	281	155	4	2717	6176	0.000215724719903331	0.000232887991393662	0.000147792351745797	0.000373439529254527	0.000628584642341852
m	i	164316	75538	2993	678506	984791	0.12614598959301	0.113496084476738	0.110585627193793	0.0932576228326728	0.100230650666528
m	j	35	41	0	1842	3498	2.68696270342227e-05	6.16026299815493e-05	0	0.000253174682696665	0.000356021547751263
m	k	74	45	2	1936	3906	5.68100685866423e-05	6.7612642662676e-05	7.38961758728986e-05	0.000266094563355452	0.000397547217128769
m	l	1357	941	58	73039	101878	0.00104177382529829	0.00141385548323507	0.00214298910031406	0.0100388847174168	0.0103690003550038
m	m	47343	23164	1023	328277	304185	0.0363453929337487	0.034803983436405	0.0377978939589876	0.0451202091811146	0.0309595238715603
m	n	2827	1484	79	27945	37127	0.00217029816073564	0.00222971470469803	0.00291889894697949	0.00384091558521081	0.00377873413475161
m	o	162390	83340	3430	542013	988031	0.124667392402498	0.125218614211276	0.126731941622021	0.0744972688884188	0.100560413335114
m	p	128254	51497	2279	580921	600639	0.0984610613042056	0.0773744057599962	0.0842046924071679	0.0798449999168454	0.0611321973755777
m	q	4	21	0	241	1527	3.07081451819688e-06	3.15525665759155e-05	0	3.31243748805083e-05	0.0001554159243614
m	r	333	141	3	32387	9194	0.00025564530863989	0.000211852947009718	0.000110844263809348	0.00445144866910797	0.000935752461413697
m	s	40533	23367	912	238054	302478	0.0311173312165185	0.0351089915799722	0.0336966561980417	0.0327194603228403	0.0307857877989441
m	t	345	210	9	11167	14200	0.000264857752194481	0.000315525665759155	0.000332532791428044	0.00153485433315617	0.00144525614009947
m	u	43046	21958	1382	221061	329634	0.0330465704375757	0.0329919646130453	0.0510622575281729	0.0303838482799172	0.0335496874989822
m	v	84	60	0	1891	3293	6.44871048821345e-05	9.01501902169014e-05	0	0.000259909514103905	0.000335156934461095
m	w	132	179	4	3303	4627	0.000101336879100497	0.000268948067480422	0.000147792351745797	0.000453982615063564	0.000470929588749312
m	x	0	17	0	581	1882	0	2.55425538947887e-05	0	7.98558581144204e-05	0.000191547327863887
m	y	18847	7124	473	87189	356084	0.0144689103061141	0.0107038325850868	0.0174764455939405	0.0119837390931811	0.036241731506421
m	z	18	24	0	932	1179	1.3818665331886e-05	3.60600760867605e-05	0	0.000128099242276488	0.000119996971068822
n	a	165247	90830	3186	983175	1049101	0.0475123081395165	0.0543516961044261	0.0462060563870519	0.0558236880489358	0.042986124521641
n	b	4528	1486	41	20750	89109	0.00130190400585627	0.000889206434120634	0.000594616544842789	0.00117816413864817	0.00365117426253422
n	c	196829	89826	3845	976166	1076681	0.0565928585619884	0.0537509132916017	0.0557634296322079	0.0554257240755485	0.0441161942807079
n	d	590218	347847	13628	2772981	3915455	0.169701232007172	0.208147907462692	0.19764473836872	0.157447073318205	0.160432824093087
n	e	344770	162429	7469	1533508	2939094	0.0991292941914897	0.0971957684305387	0.108321731059288	0.0870710425026546	0.120427166368927
n	f	26296	11761	502	308133	213746	0.00756070400574126	0.00703765603747832	0.00728042696368488	0.0174954819534495	0.00875808160701656
n	g	526409	216938	10928	2178326	3549944	0.151354678846906	0.129813368375008	0.158487063464439	0.123683160264333	0.145456285742605
n	h	8728	2856	115	26974	31622	0.00250950047771941	0.00170899971456832	0.00166782689407124	0.00153155660124799	0.00129568766936961
n	i	186477	103197	3833	987411	1062988	0.0536164207818152	0.06175197603092	0.0555893955215222	0.0560642038702039	0.0435551339032278
n	j	4452	1978	106	26643	40360	0.00128005226017493	0.00118361394797484	0.00153730131105697	0.00151276275402425	0.00165372064814868
n	k	37614	10988	638	164530	417746	0.0108148889744429	0.00657510114274396	0.00925281355145609	0.00934184798707392	0.0171168281932983
n	l	24728	13065	686	159990	283737	0.00710986798957902	0.00781795562704313	0.00994894999419886	0.00908407135143716	0.0116259101968227
n	m	18163	10958	271	85779	113932	0.00522227969486912	0.00655714946506992	0.00393027033298526	0.0048704453806796	0.00466827801994241
n	n	56901	21396	1203	224827	342484	0.0163603444870202	0.0128031365171232	0.0174469195962409	0.0127654510264989	0.014033024342432
n	o	181837	71674	4054	843046	1754465	0.0522823142033759	0.0428889515202977	0.0587945237266504	0.0478673043099175	0.0718878839681412
n	p	2793	1052	52	27411	30331	0.000803051653788992	0.000629505497102898	0.000754147812971342	0.00155636902190289	0.0012427899152378
n	q	1575	1549	43	11653	14513	0.00045284867694868	0.000926904957236112	0.000623622229957072	0.000661645624465887	0.000594659260817191
n	r	4358	3309	101	25639	34710	0.00125302510104276	0.00198007004744628	0.00146478709827126	0.00145575664341207	0.00142221614710706
n	s	237618	126154	4840	1342723	1532767	0.068320632964566	0.0754891981763489	0.0701937579765634	0.0762384620114742	0.0628039751412516
n	t	506429	246551	10089	3156793	3036832	0.145609969916472	0.14753346940705	0.146319178558998	0.179239532806534	0.124431907417212
n	u	42974	22808	812	414207	234907	0.0123560120909159	0.0136480621463145	0.0117763081563987	0.023518257030219	0.0096251376683514
n	v	29672	10815	405	138408	178955	0.00853138155074364	0.00647157980149035	0.00587365123564219	0.0078586670892538	0.00733254654582378
n	w	4037	1997	55	16718	28401	0.00116073022783608	0.00119498334383506	0.000797656340642766	0.000949231232285309	0.0011637096166519
n	x	1900	346	11	2386	6967	0.000546293642033328	0.000207042682507227	0.000159531268128553	0.000135474681195881	0.00028546758562071
n	y	64765	26145	1172	203237	562798	0.0186214251190992	0.0156448870929233	0.0169973314769695	0.0115395925323585	0.0230602248101284
n	z	2327	1746	31	11616	18056	0.000669065950006081	0.00104478764062895	0.000449588119271377	0.000659544801664442	0.000739831021381879
o	a	38051	19962	853	171274	166358	0.00906456828418307	0.0098683039686777	0.00966429874352787	0.00828744466214319	0.00532341767139277
o	b	42116	17665	975	223942	354196	0.0100329388940279	0.00873277174665322	0.0110465313891438	0.0108358941376372	0.0113341903938292
o	c	75506	39698	1361	576195	488064	0.0179871565232327	0.0196248838266991	0.0154198248416664	0.0278803798422621	0.015617935550864
o	d	80686	55708	2054	381931	659066	0.0192211441638221	0.0275394989223073	0.0232713594597963	0.0184805167582763	0.0210899601522869
o	e	18472	9835	399	85888	221695	0.00440042851292816	0.00486197623143699	0.00452058053771116	0.00415586748217566	0.00709418892183976
o	f	448860	267499	10684	1913046	2577277	0.106928125937253	0.132239326886951	0.121047324473449	0.0925666642989267	0.0824722701996546
o	g	38459	21933	898	368410	374713	0.0091617626774959	0.0108426766328528	0.010174138653796	0.017826275371511	0.0119907296667464
o	h	12443	6161	215	54182	98768	0.00296419077448924	0.00304571790156414	0.00243590179350351	0.00262170747856792	0.00316055324401664
o	i	48036	19720	949	160711	386257	0.0114432104832729	0.00974867018647051	0.0107519572187666	0.00777633218759236	0.0123601350070279
o	j	4753	1504	88	61373	25995	0.00113226703778408	0.000743509125783552	0.000997020268968877	0.00296965879964101	0.000831834010795122
o	k	41227	13392	761	152404	299217	0.00982115993408886	0.00662039508809397	0.00862195937142404	0.00737438091180956	0.00957487506089956
o	l	185367	101678	3661	979339	1200999	0.0441584144735792	0.0502649739969548	0.041478309144262	0.0473873312235287	0.0384316912918227
o	m	308792	140289	5559	1288066	2388690	0.073560909558473	0.0693524945126654	0.0629822235817953	0.0623257219203623	0.0764375296497865
o	n	834449	385428	17008	4592707	5504354	0.198783736042897	0.190538055407249	0.192696826529803	0.222227571680101	0.176138059805969
o	o	121299	52254	2900	478523	1029225	0.0288960360648372	0.0258319985762591	0.032856349772838	0.0231543192899258	0.0329349628682673
o	p	117554	69292	2413	609307	890334	0.0280038963517084	0.0342548100690119	0.027338748966158	0.0294825720468751	0.0284904828685233
o	q	527	393	15	2450	2948	0.000125542758029079	0.000194281307468707	0.000169946636756059	0.000118548287669178	9.43353207856903e-05
o	r	673425	333310	13203	3451557	4328160	0.160424348815431	0.164773289039173	0.149587029672683	0.16701068250717	0.138500122799116
o	s	154257	68861	3036	627615	1072420	0.0367473419834755	0.0340417432916098	0.0343971992794263	0.0303684422716291	0.034317192916211
o	t	205874	80520	4269	913187	2143012	0.0490436238453104	0.0398054220798481	0.0483668128207743	0.0441864306823485	0.0685758902535902
o	u	409541	162182	10111	2100109	4322962	0.0975614927248329	0.080175396966641	0.114555362949367	0.101618092191278	0.138333787996726
o	v	103442	53940	2262	420037	601995	0.024642113806535	0.026665480215934	0.0256279528228136	0.0203243539215096	0.0192637013013506
o	w	158580	74166	3704	640918	1314919	0.0377771737537975	0.0366642937652014	0.0419654895029627	0.0310121352801446	0.0420771050448437
o	x	5556	4127	110	40763	65705	0.00132355894423067	0.00204020090565739	0.0012462753362111	0.00197240157153417	0.002102544861677
o	y	18996	8508	495	78697	123887	0.00452525660630053	0.00420596784718515	0.00560823901294993	0.00380791616110257	0.00396435545664071
o	z	4032	1515	49	34411	22329	0.000960509298620959	0.000748947024974788	0.000555159013403125	0.00166504699060575	0.000714522855435441
p	a	164863	67501	2882	722894	831534	0.139064809128883	0.116475419736683	0.119293017095078	0.114527332002741	0.0987003423450242
p	b	909	355	3	4182	8012	0.000766757316669928	0.000612565354683968	0.000124177325220415	0.000662549837784606	0.00095099796625073
p	c	312	98	2	8883	11427	0.000263177428824002	0.000169102548616983	8.27848834802765e-05	0.00140732429675769	0.00135634719924452
p	d	332	161	1	38765	13744	0.00028004777682554	0.000277811329870757	4.13924417401382e-05	0.00614149795832622	0.0016313674548365
p	e	224787	117706	4810	979062	1470854	0.189611745811093	0.203105965178679	0.199097644770065	0.155111757360371	0.174585517055885
p	f	646	254	23	5883	9498	0.000544912240449696	0.000438286197435853	0.00095202616002318	0.000932037469078631	0.00112738126353587
p	g	2436	58	8	25124	12376	0.0020548083865874	0.000100081100201888	0.000331139533921106	0.00398036875286954	0.00146899036823752
p	h	32864	24278	676	224061	232973	0.0277213558361282	0.0418925681155419	0.0279812906163335	0.0354977472988657	0.0276531264592276
p	i	59861	35677	1360	206651	446343	0.050493795086005	0.0615619553776336	0.056293720766588	0.0327394994089016	0.0529794414940401
p	j	136	36	5	690	2429	0.000114718366410462	6.21193035735855e-05	0.000206962208700691	0.000109315970366183	0.000288314286073767
p	k	646	181	15	4863	5255	0.000544912240449696	0.000312322054078305	0.000620886626102074	0.000770439947667752	0.000623751162337442
p	l	130596	63024	2905	627925	901458	0.110159998380447	0.108750194122824	0.120245043255102	0.0994814937567907	0.107000090446886
p	m	5810	4740	229	59999	29108	0.00490083609444696	0.00817904163718876	0.00947886915849166	0.00950557812463858	0.003455023564856
p	n	270	225	7	5240	6330	0.000227749698020771	0.000388245647334909	0.000289747092180968	0.000830167659012753	0.000751350115622456
p	o	163096	77835	3120	696404	1198456	0.137574313882947	0.134307110934723	0.129144418229231	0.110330549314335	0.142252773170368
p	p	66784	26249	1445	424967	467535	0.0563334660467376	0.0452935999861957	0.0598120783144998	0.067327072432762	0.0554948619759155
p	q	8	19	0	123	1615	6.74813920061543e-06	3.27851879971701e-05	0	1.94867599348413e-05	0.000191695171679347
p	r	192401	88471	4235	1081156	1212323	0.162293591292201	0.152659914068297	0.175296990769485	0.17128640182206	0.143898740319394
p	s	26979	17368	515	117564	233096	0.0227572559366755	0.0299691129018342	0.0213171074961712	0.0186255402030869	0.0276677261534174
p	t	33187	18774	744	257697	282099	0.027993811956353	0.0323952168136248	0.0307959766546629	0.0408266632108033	0.0334842205793016
p	u	52287	27080	958	274993	330624	0.0441049942978224	0.0467275205770193	0.0396539591870524	0.0435668502013157	0.0392439779822368
p	v	3	15	0	651	1977	2.53055220023079e-06	2.58830431556606e-05	0	0.000103137241606355	0.000234663377343696
p	w	346	412	13	3373	3287	0.000291857020426617	0.000710920918675478	0.000538101742621797	0.00053438082325382	0.000390156055300318
p	x	1	13	0	26436	7088	8.43517400076929e-07	2.24319707349059e-05	0	0.00418822752550785	0.000841322214775983
p	y	7825	2097	113	69168	59993	0.00660052365560197	0.00361844943316136	0.00467734591663562	0.0109582130989683	0.00712097116690964
p	z	36	99	0	470	290	3.03666264027694e-05	0.00017082808482736	0	7.44616030030523e-05	3.44220432117713e-05
q	a	27	82	0	379	2649	0.000507795602866224	0.00277683711479851	0	0.00108124145919098	0.00490708220335215
q	b	7	27	0	62	2042	0.000131650711854206	0.00091432441584829	0	0.00017687855005235	0.0037826583085108
q	c	0	16	0	174	1774	0	0.000541821876058246	0	0.000496401092082403	0.00328620756087079
q	d	1	13	0	65	1463	1.88072445506009e-05	0.000440230274297325	0	0.000185437189571012	0.00271010240222884
q	e	2	11	0	138	1490	3.76144891012018e-05	0.000372502539790044	0	0.000393697417858457	0.00276011796262541
q	f	2	15	0	84	1389	3.76144891012018e-05	0.000507958008804605	0	0.000239641906522539	0.00257302271817899
q	g	1	15	0	50	1716	1.88072445506009e-05	0.000507958008804605	0	0.000142643991977702	0.00317876672742631
q	h	0	16	0	43	1458	0	0.000541821876058246	0	0.000122673833100824	0.00270084026141466
q	i	763	127	0	926	51328	0.0143499275921085	0.00430071114121233	0	0.00264176673142704	0.0950814327420383
q	j	0	12	0	30	1443	0	0.000406366407043684	0	8.55863951866211e-05	0.00267305383897212
q	k	0	18	0	115	1389	0	0.000609549610565527	0	0.000328081181548714	0.00257302271817899
q	l	3	10	0	405	1716	5.64217336518027e-05	0.000338638672536404	0	0.00115541633501939	0.00317876672742631
q	m	0	10	0	283	1808	0	0.000338638672536404	0	0.000807364994593793	0.00334919011840721
q	n	1	10	0	1337	1747	1.88072445506009e-05	0.000338638672536404	0	0.00381430034548375	0.00323619200047422
q	o	1	20	0	62	1478	1.88072445506009e-05	0.000677277345072807	0	0.00017687855005235	0.00273788882467138
q	p	0	5	0	68	1443	0	0.000169319336268202	0	0.000193995829089675	0.00267305383897212
q	q	3	22	0	30	1600	5.64217336518027e-05	0.000745005079580088	0	8.55863951866211e-05	0.00296388506053735
q	r	0	18	0	148	1641	0	0.000609549610565527	0	0.000422226216253998	0.00303983461521362
q	s	3	19	0	557	2511	5.64217336518027e-05	0.000643413477819167	0	0.0015890540706316	0.00465144711688081
q	t	7	12	0	322	1546	0.000131650711854206	0.000406366407043684	0	0.0009186273083364	0.00286385393974422
q	u	51565	27856	1331	334296	363904	0.969795565251735	0.943311886217406	0.997003745318352	0.953706318843557	0.674106018168615
q	v	6	15	0	106	1304	0.000112843467303605	0.000507958008804605	0	0.000302405262992728	0.00241556632433794
q	w	2	13	0	825	2012	3.76144891012018e-05	0.000440230274297325	0	0.00235362586763208	0.00372708546362572
q	x	0	18	0	92	224	0	0.000609549610565527	0	0.000262464945238971	0.000414943908475229
q	y	0	15	0	21	667	0	0.000507958008804605	0	5.99104766306348e-05	0.00123556958461151
q	z	0	10	0	44	133	0	0.000338638672536404	0	0.000125526712940378	0.000246372945657167
r	a	344907	189116	6713	1607079	2056091	0.0991555704664415	0.107732990622155	0.102341677592463	0.0976650213117451	0.0920205305903478
r	b	15270	10731	278	53756	84678	0.00438989513411604	0.00611308785278003	0.00423819251760832	0.00326684679821849	0.00378977121602569
r	c	71803	36579	1205	503872	400656	0.0206422816185288	0.020837819454556	0.0183705826752447	0.0306211888889044	0.0179313939432673
r	d	104219	42345	2059	528789	670637	0.0299613936465252	0.0241225146888426	0.0313900661645882	0.0321354388641855	0.0300144169560195
r	e	859351	418303	18382	3809116	5957186	0.247050476319434	0.238293075023897	0.280239046254231	0.231486688158397	0.266614374823581
r	f	14917	8591	400	76803	80469	0.00428841294797701	0.00489400221258347	0.00609811873037168	0.00466745357994595	0.00360139705687866
r	g	57660	34834	1035	370463	380774	0.0165763820191965	0.0198437519582275	0.0157788822148367	0.0225136889911529	0.0170415733131506
r	h	6850	2382	137	18356	60721	0.00196927188400097	0.00135694485745243	0.0020886056651523	0.00111552644966327	0.00271757360835513
r	i	341493	204228	7002	1871144	2419188	0.0981740968588532	0.116341786040216	0.106747568375156	0.113712716448503	0.10827096823915
r	j	264	111	4	3574	5011	7.58960258943441e-05	6.32329467578588e-05	6.09811873037168e-05	0.000217198274738315	0.000224267738533087
r	k	85853	27107	1193	269494	325535	0.02468144511783	0.0154419413312187	0.0181876391133335	0.0163776250286311	0.0145693470890777
r	l	46886	36511	991	174885	336604	0.0134790192048569	0.0207990821538395	0.0151080891544958	0.0106280694677141	0.0150647411417264
r	m	77647	49878	1710	508799	458197	0.0223223436462808	0.0284138100755719	0.0260694575723389	0.0309206113566256	0.0205066463765006
r	n	95843	58574	1790	486125	536642	0.0275534197340592	0.0333676272377912	0.0272890813184133	0.0295426724418477	0.0240174591382703
r	o	358483	199252	7235	1709183	2648981	0.103058466101069	0.113507127093666	0.110299722535598	0.103870061223295	0.118555373834986
r	p	23969	9075	383	109862	140481	0.00689072668432399	0.00516972064709522	0.00583894868433088	0.00667650723539474	0.00628723930889374
r	q	483	401	6	2894	4825	0.000138855229193061	0.000228436140990103	9.14717809555752e-05	0.000175873477082452	0.000215943292441058
r	r	59575	28797	1164	287084	461961	0.0171269156918771	0.0164046771872618	0.0177455255053816	0.0174466003091703	0.0206751045221479
r	s	256034	121350	4845	1102277	1392203	0.0736059208099716	0.0691289917933889	0.073863463121627	0.0669873146848702	0.0623081657132267
r	t	198903	100680	3786	1084901	1210690	0.0571816183275103	0.057353991707939	0.057718693782968	0.0659313445612403	0.0541845356943969
r	u	59836	30936	1301	278272	455220	0.0172019492629317	0.0176231931612714	0.0198341311705339	0.0169110795489593	0.0203734104839417
r	v	60665	16115	697	249985	198211	0.0174402742836378	0.00918017060362969	0.0106259718876727	0.0151920287382366	0.00887095045347868
r	w	6566	3179	124	32206	46757	0.00188762615917524	0.0018109688084976	0.00189041680641522	0.00195721534309518	0.00209261358024177
r	x	238	274	7	927	4865	6.84214172835375e-05	0.00015608853524012	0.000106717077781504	5.63354226867427e-05	0.00021773349590171
r	y	113146	69842	2359	583371	912221	0.032527771764551	0.0397866258329944	0.035963655212367	0.0354524831372036	0.0408265297769688
r	z	1013	265	14	4262	6001	0.000291222250874889	0.00015096153955705	0.000213434155563009	0.000259009246484247	0.000268575274184205
s	a	181221	30831	2280	398939	1002788	0.0678412220187388	0.0245710369231014	0.0470267928964792	0.0310850690778447	0.0529141491954135
s	b	5375	2516	100	24714	27341	0.00201216508214126	0.00200514835388159	0.00206257863581049	0.00192569890933164	0.0014427034958055
s	c	64951	29279	1383	409072	420154	0.0243148156744478	0.023334156857432	0.0285254625332591	0.0318746258897027	0.0221702806984625
s	d	8992	679	105	45290	32370	0.00336621179881194	0.000541135028730365	0.00216570756760101	0.00352896753271951	0.00170806891332519
s	e	398510	184574	8430	2337910	2841283	0.149184726862161	0.147097874510867	0.173875378998824	0.182168436397003	0.149926078661085
s	f	5531	3011	123	49879	69390	0.00207056466406015	0.00239964296245527	0.0025369717220469	0.00388653944721829	0.00366150453801775
s	g	782	315	15	14370	47171	0.000292746622183156	0.000251042023637798	0.000309386795371574	0.00111970111382599	0.00248907379395929
s	h	155554	66608	3152	531360	1034537	0.0582326190116095	0.0530838320967189	0.0650124786007467	0.0414032278248142	0.0545894497801884
s	i	259095	118132	5871	1365508	1514533	0.0969938440850957	0.0941463375758107	0.121093991708434	0.106399500942123	0.0799174153693276
s	j	64	47	1	2087	3835	2.39588028385192e-05	3.74570638443699e-05	2.06257863581049e-05	0.000162617691339934	0.000202361578084711
s	k	27355	9213	509	99902	153992	0.0102405164319952	0.0073423814723017	0.0104985252562754	0.00778429928138097	0.0081257012079324
s	l	32361	17195	795	105711	197441	0.0121145440415206	0.013703706655403	0.0163975001546934	0.00823693280749198	0.0104183760987284
s	m	25382	16771	669	108850	216582	0.00950191146323896	0.0133657961219985	0.0137986510735722	0.00848152165900901	0.0114283899099721
s	n	9668	2221	218	32135	180695	0.0036192766537938	0.00177004550634778	0.00449642142606687	0.00250393843373684	0.0095347393355976
s	o	162960	80676	3566	813935	1401829	0.0610051017275794	0.0642954485682635	0.0735515541530021	0.0634212892193431	0.0739703594901987
s	p	84386	42446	1897	374833	662749	0.0315904302551762	0.033827713445492	0.039127116721325	0.0292067451356116	0.0349712994821549
s	q	3824	4487	107	7466	21464	0.00143153846960152	0.00357595415892953	0.00220695914031722	0.000581745895325322	0.00113259163285795
s	r	6098	1466	21	54264	81562	0.00228282468295765	0.00116834160842226	0.000433141513520203	0.00422821581354584	0.00430378488441856
s	s	191221	80538	4154	1038331	1412112	0.0715847849622574	0.064185468253146	0.0856795165315678	0.0809060805302755	0.0745129629080462
s	t	546032	274379	11419	2367239	3705379	0.204410516117536	0.218668760011795	0.2355258544232	0.184453733124032	0.195521862279517
s	u	117605	62227	2632	613375	798201	0.0440261719972507	0.0495923555711405	0.0542870696945321	0.0477937836251231	0.0421186998666999
s	v	629	386	8	10533	12249	0.000235470109147321	0.000307626098806953	0.000165006290864839	0.00082072455337016	0.000646343408072913
s	w	9434	4104	246	48935	83798	0.00353167728091547	0.00327071893653817	0.00507394344409381	0.00381298357724948	0.00442177197401371
s	x	1	11	0	367	1084	3.74356294351862e-07	8.76654685719295e-06	0	2.85964028374489e-05	5.71994656176862e-05
s	y	17127	11419	400	101033	146176	0.00641160025336434	0.00910047259657148	0.00825031454324196	0.00787242607050673	0.00771327406469639
s	z	390	129	5	3740	3813	0.000145998954797226	0.000102807685870717	0.000103128931790525	0.000291418383139125	0.000201200703321252
t	a	259383	141128	5813	1341357	1664170	0.0589134859854392	0.0653448118595592	0.0638237134795068	0.0606708107235274	0.0531912887450484
t	b	4599	1237	56	17798	23009	0.00104456777062119	0.000572753332225177	0.000614850843772988	0.000805019908389295	0.000735428689818239
t	c	18285	6292	425	85593	153149	0.00415305972729036	0.00291330959285433	0.00466627872506286	0.0038714501078079	0.00489504839049822
t	d	1515	398	35	16183	44000	0.000344100929004369	0.000184281185307696	0.000384281777358118	0.000731971973112932	0.0014063567452737
t	e	597489	326057	12063	3335912	4159768	0.135707273907519	0.150970277482089	0.132445459436314	0.150886367717426	0.132957222399402
t	f	3243	995	88	26332	20899	0.000736580404462819	0.000460702963269241	0.000966194183071839	0.00119102057690229	0.000667987491351705
t	g	2222	583	23	9484	13367	0.000504681362539742	0.000269939525212028	0.000252528025121049	0.000428970042204971	0.000427244786683489
t	h	1436872	693644	32840	5443595	10138974	0.326355769016744	0.321169694727567	0.360566101955445	0.246218808192405	0.324068510796697
t	i	541889	285612	11666	3668817	3576647	0.123078883377722	0.132243512306788	0.128086606133137	0.165943967032087	0.114319128043476
t	j	65	76	0	1754	3878	1.47634061949069e-05	3.51893720688063e-05	0	7.93350331112948e-05	0.000123951169503896
t	k	463	137	4	6202	5817	0.000105160877972953	6.34334733345588e-05	4.39179174123563e-05	0.000280522163829105	0.000185926754255843
t	l	45234	24284	1160	184070	336696	0.0102739679356988	0.0112439304120907	0.0127361960495833	0.00832565538471837	0.0107616975160608
t	m	18619	5652	364	193861	237747	0.00422892092219958	0.0026169780385907	0.00399653048452442	0.0087685113192638	0.00759902493451332
t	n	7736	2243	86	42475	47648	0.00175707246652	0.00103854949408332	0.000944235224365661	0.00192118331322819	0.00152295650451821
t	o	551780	218011	11071	2251508	3741998	0.125325419541935	0.100943028869639	0.121553815918049	0.101837777497346	0.119604184729561
t	p	1526	763	17	85155	304081	0.0003465993515912	0.000353282774848674	0.000186651149002514	0.00385163896498991	0.00971923557862663
t	q	7	14	0	424	7143	1.58990528252844e-06	6.48225274951696e-06	0	1.91779099425251e-05	0.000228309232533864
t	r	202897	114114	4184	953171	1231559	0.046083858872739	0.0528368421613127	0.0459381416133247	0.0431128009382702	0.0393638933375575
t	s	208013	99970	3548	991843	1072211	0.0472458525049412	0.0462879148120864	0.03895519274476	0.0448619710639714	0.0342707084592422
t	t	90940	39860	2179	478792	963662	0.0206551409133052	0.0184558996139818	0.0239242855103811	0.0216562024933997	0.0308011944059987
t	u	93824	69636	2093	603634	645302	0.0213101818897069	0.0322427251760973	0.0229800502860154	0.0273029209675617	0.0206255641008775
t	v	656	167	2	4408	18996	0.000148996837905522	7.73240149406665e-05	2.19589587061782e-05	0.00019937789393078	0.000607162562118618
t	w	36842	17731	722	166588	183610	0.00836789863127325	0.00820977310726323	0.00792718409293031	0.00753492844694662	0.00586866277272054
t	x	17	16	0	4425	2744	3.86119854328335e-06	7.40828885659081e-06	0	0.000200146819565268	8.77055206597961e-05
t	y	96046	49399	2244	661216	649116	0.0218148632522467	0.0228726288266706	0.0246379516683319	0.0299074077843317	0.02074746966057
t	z	4875	1655	41	13711	26263	0.00110725546461802	0.000766294878603612	0.000450158653476652	0.000620161139674437	0.00083943516366189
u	a	55588	33949	1128	371606	380395	0.0349562794967976	0.0432696780870543	0.0330152783468946	0.0428895056752657	0.0317835528312842
u	b	46937	21421	1021	295083	270125	0.0295161346107287	0.0273021230169604	0.0298835099221448	0.0340574802429843	0.0225700448443083
u	c	77607	50664	1828	426083	525907	0.0488028348367988	0.0645737715574102	0.0535034829947901	0.0491770564701168	0.0439416735731074
u	d	54842	22961	970	379004	280536	0.0344871605411847	0.0292649291159343	0.0283907978692267	0.0437433577739552	0.0234399263320421
u	e	70476	28484	1310	431000	477614	0.0443185355439359	0.0363042655345269	0.0383422115553474	0.0497445599533902	0.0399065965692529
u	f	9779	5841	167	38051	72248	0.00614948293155328	0.00744464313253657	0.00488790025171223	0.0043917175192261	0.00603661490018171
u	g	65721	32143	1398	231597	451528	0.0413283738362423	0.0409678418437122	0.0409178715682257	0.0267301411868336	0.0377270049364584
u	h	541	486	4	4888	13272	0.000340205569687118	0.000619431015650192	0.000117075455130832	0.000564156401513158	0.00110892969985621
u	i	49542	27011	1081	317504	284859	0.0311542778806639	0.0344268542463526	0.0316396417491073	0.0366452361100724	0.0238011306036272
u	j	397	256	17	2975	6295	0.000249651776646554	0.000326284650219031	0.000497570684306035	0.000343364421952055	0.000525972909930293
u	k	3244	1297	29	16395	74286	0.0020399757265527	0.00165309059114876	0.000848797049698531	0.00189225536063998	0.00620689810755866
u	l	144331	66109	3481	665533	1142396	0.0907619409954	0.0842591872708201	0.101884914827606	0.0768135643142914	0.0954518424801791
u	m	57037	37791	1199	493150	422215	0.0358674770392683	0.0481664969391696	0.0350933676754668	0.0569177024153465	0.0352777842996376
u	n	189016	93826	4345	884147	1242640	0.1188619148983	0.119585873404105	0.127173213135866	0.102045251622065	0.103827637298774
u	o	5048	1905	76	27622	46351	0.00317441352269976	0.00242801663541896	0.0022244336474858	0.00318803766828896	0.00387281498779651
u	p	73473	26922	1407	320882	627404	0.0462031863615926	0.0343134193484248	0.0411812913422701	0.03703511342683	0.0524221616492305
u	q	309	130	1	992	2338	0.00019431334756621	0.000165691423939352	2.9268863782708e-05	0.000114493279521492	0.000195349430248932
u	r	222653	129048	5349	1341595	1799744	0.140014400568477	0.16447805289635	0.156559152373705	0.154842350140762	0.150375947388338
u	s	212841	109319	4695	996099	1856594	0.133844165726018	0.139332467489431	0.137417315459814	0.114966372215805	0.155125996622577
u	t	231104	87999	4463	1071899	1606909	0.145328776297545	0.112159073963377	0.130626939062226	0.123714951437306	0.134263797096613
u	u	227	327	14	4636	8216	0.000142747993195889	0.000416777658678216	0.000409764092957911	0.000535071415183102	0.000686480290387179
u	v	1489	879	30	7328	13845	0.000936351373870829	0.001120328935713	0.000878065913481239	0.000845772935820053	0.00115680618554169
u	w	621	302	0	3825	9096	0.000390513232487431	0.000384913923305263	0	0.000441468542509785	0.000760007877478308
u	x	1912	1072	45	20897	12244	0.00120235314092748	0.00136631697279219	0.00131709887022186	0.00241186094975869	0.00102303610948157
u	y	7652	984	58	10746	61769	0.00481192794684995	0.0012541566242794	0.00169759409939706	0.00124026691707455	0.00516105173526359
u	z	1688	597	42	7735	13678	0.00106149168508661	0.0007609060007061	0.00122929227887373	0.000892747497075343	0.00114285265480962
v	a	48244	31808	1219	398591	322591	0.0743369322532978	0.107415912467918	0.0917300022575062	0.122844282264688	0.0694776389263101
v	b	1	11	0	3431	2386	1.54085341707358e-06	3.7147102526003e-05	0	0.00105742159870681	0.000513881808476293
v	c	424	17	0	1557	7628	0.000653321848839198	5.74091584492773e-05	0	0.000479861681488342	0.00164287109600049
v	d	67	22	2	1587	3247	0.00010323717894393	7.42942050520059e-05	0.000150500413876138	0.000489107571305073	0.000699318622012793
v	e	396800	184622	8768	1746202	3065396	0.611410635894797	0.623470214777793	0.65979381443299	0.538173042991847	0.660205884398992
v	f	1	11	0	242	1670	1.54085341707358e-06	3.7147102526003e-05	0	7.45835111882972e-05	0.00035967419117997
v	g	92	67	0	2479	4851	0.000141758514370769	0.000226259624476564	0	0.000764018695189209	0.0010447781445593
v	h	4	22	0	284	1690	6.16341366829432e-06	7.42942050520059e-05	0	8.75277569317206e-05	0.000363981666523443
v	i	160960	57276	2481	802981	864605	0.248015766012163	0.193421585843577	0.186695763413349	0.247475795030951	0.186213235967161
v	j	2	26	0	146	1515	3.08170683414716e-06	8.78022423341888e-05	0	4.49966637747578e-05	0.000326291257268057
v	k	24	29	0	243	4467	3.69804820097659e-05	9.7933270295826e-05	0	7.48917075155215e-05	0.000962074617964627
v	l	172	85	1	2234	7523	0.000265026787736656	0.000287045792246387	7.52502069380691e-05	0.000688510595019239	0.00162025685044726
v	m	11	16	0	1248	2183	1.69493875878094e-05	5.40321491287316e-05	0	0.000384629016376012	0.000470160933740045
v	n	209	33	0	1897	3772	0.000322038364168378	0.000111441307578009	0	0.000584648432744627	0.000812389849778951
v	o	31850	15875	642	135221	187547	0.0490761813337935	0.0536100229636634	0.0483106328542404	0.0416746155636063	0.0403927039121137
v	p	0	14	2	933	2152	0	4.72781304876401e-05	0.000150500413876138	0.000287547173300336	0.000463484346957662
v	q	0	19	0	32	1393	0	6.41631770903688e-05	0	9.86228247117979e-06	0.000300015657672874
v	r	507	190	3	4227	12591	0.000781212682456305	0.000641631770903688	0.000225750620814207	0.00130274587517741	0.00271177110248324
v	s	621	437	24	8069	13286	0.000956869972002693	0.00147575307307848	0.00180600496651366	0.00248683616437343	0.00286145587066891
v	t	41	38	0	2129	4638	6.31749901000168e-05	0.000128326354180738	0	0.00065614998066068	0.000998903532151319
v	u	860	486	22	4694	8174	0.00132513393868328	0.00164122652978522	0.00165550455263752	0.00144667355999119	0.00176046517287729
v	v	115	15	2	940	2827	0.000177198142963462	5.06551398081859e-05	0.000150500413876138	0.000289704547590906	0.000608861639799866
v	w	0	12	0	382	691	0	4.05241118465487e-05	0	0.000117730996999709	0.000148823273116982
v	x	0	22	0	317	431	0	7.42942050520059e-05	0	9.76982357301248e-05	9.28260936518367e-05
v	y	3316	2187	66	4981	21134	0.00510946993101599	0.0073855193840335	0.00496651365791256	0.00153512590590458	0.0045517091954476
v	z	3	15	0	194	1165	4.62256025122074e-06	5.06551398081859e-05	0	5.97900874815275e-05	0.000250910438757285
w	a	171772	101032	4357	488769	1368529	0.19246205593738	0.264147687609645	0.222091956366602	0.145435669646085	0.164497414254009
w	b	983	502	22	3321	8523	0.00110140302835413	0.00131247663294839	0.00112141910490366	0.000988180221934387	0.00102446602277841
w	c	440	204	7	3516	7430	0.000492998303637655	0.000533357038090582	0.000356815169742074	0.00104620345086459	0.000893087240319559
w	d	2648	935	58	4173	13891	0.00296695342734662	0.0024445530912485	0.00295646854929147	0.00124169709910635	0.00166970051888008
w	e	138320	76247	3248	500816	1107678	0.154980739452637	0.199347421976924	0.165562238760322	0.149020314973891	0.13314308050911
w	f	505	418	13	6768	8449	0.000565827598493218	0.00109285902902874	0.000662656743806708	0.00201385237640829	0.0010155712104253
w	g	41	43	1	1094	2530	4.59384782935088e-05	0.000112423297244583	5.09735956774391e-05	0.000325525192049449	0.000304106422342999
w	h	156401	49157	3374	441488	1220363	0.175239608380075	0.128520744712837	0.171984911815679	0.131366970738142	0.146687836320067
w	i	180052	60548	4107	674183	1266386	0.201739387651289	0.158302460501512	0.209348557447242	0.200606536153084	0.15221980860287
w	j	0	15	0	256	978	0	3.92174292713663e-05	0	7.61740851596517e-05	0.000117555763261444
w	k	1178	429	25	3095	7523	0.00131989091292081	0.00112161847716108	0.00127433989193598	0.000920932787379382	0.000904265855844421
w	l	6941	2976	139	31114	44879	0.00777704823988401	0.00778073796743908	0.00708532979916403	0.00925812689709922	0.00539446329183062
w	m	1501	287	30	4832	9832	0.00168179648581846	0.000750360146725475	0.00152920787032317	0.00143778585738843	0.00118180804129501
w	n	46488	20689	1001	118440	268395	0.0520875116806984	0.0540912929463532	0.0510245692731165	0.0352424165871451	0.0322611238042487
w	o	124811	43954	2497	347201	879837	0.139844571080271	0.114917525746242	0.127281068406565	0.103311400552798	0.105756554274703
w	p	253	211	40	3657	10711	0.000283474024591652	0.000551658505083886	0.00203894382709756	0.00108815870870643	0.00128746398802999
w	q	7	13	0	111	370	7.84315483059906e-06	3.39884387018508e-05	0	3.30286072371927e-05	4.4474061765577e-05
w	r	13769	8297	237	133211	515883	0.0154274855517884	0.0216924673776351	0.0120807421755531	0.039637601789853	0.0620092227184085
w	s	22470	7792	328	168357	609014	0.025176527006223	0.0203721472588324	0.0167193393822	0.0500954705282167	0.0732035844651381
w	t	2606	2052	44	8905	12141	0.00291989449836302	0.00536494432432291	0.00224283820980732	0.00264972745447929	0.00145935022674559
w	u	109	105	18	2983	6149	0.000122129125219328	0.000274522004899564	0.000917524722193904	0.000887606625122035	0.000739110826477116
w	v	2	14	0	547	645	2.24090138017116e-06	3.66029339866086e-05	0	0.000162762596024724	7.75291076724247e-05
w	w	19	33	0	156090	481630	2.1288563111626e-05	8.62783443970059e-05	0	0.0464453630959767	0.0578920064004185
w	x	1	11	0	171	941	1.12045069008558e-06	2.87594481323353e-05	0	5.08819084464861e-05	0.000113108357084886
w	y	4562	510	26	7892	11469	0.00511149604817042	0.00133339259522645	0.00132531348761342	0.00234830421906239	0.00137857571456595
w	z	9	24	2	557	547	1.00840562107702e-05	6.27478868341861e-05	0.000101947191354878	0.000165738146226273	6.57494913128935e-05
x	a	9046	6686	255	71860	75220	0.0869005533353827	0.126552089642641	0.120967741935484	0.0968025260798345	0.0934479588540761
x	b	44	59	0	835	2884	0.000422686750691669	0.00111674742580254	0	0.00112482757134236	0.00358287574229135
x	c	9071	3978	270	54531	66107	0.0871407162619121	0.0752952755905512	0.128083491461101	0.073458649452539	0.0821266181330285
x	d	1	14	0	492	609	9.6065170611743e-06	0.000264990914597214	0	0.000662772652814898	0.00075657813004696
x	e	14930	4088	189	53958	56545	0.143425299723332	0.0773773470623864	0.0896584440227704	0.0726867617898095	0.0702474718612567
x	f	268	425	1	3638	1820	0.00257454657239471	0.00804436705027256	0.00047438330170778	0.00490074575394431	0.00226103808979551
x	g	3	30	0	158	532	2.88195511835229e-05	0.000567837674136887	0	0.000212841624277955	0.000660918826247919
x	h	2354	875	50	12852	6578	0.0226137411620043	0.0165619321623259	0.023719165085389	0.0173129149064575	0.00817203766740378
x	i	9020	8249	213	58242	85860	0.0866507838917922	0.156136432465173	0.101043643263757	0.0784577334252953	0.106666335379034
x	j	0	15	0	62	527	0	0.000283918837068443	0	8.35201310457798e-05	0.000654707183144085
x	k	0	18	0	349	365	0	0.000340702604482132	0	0.00047013751185447	0.000453449946579869
x	l	157	146	11	2336	4610	0.00150822317860437	0.00276347668079952	0.00521821631878558	0.00314682300198293	0.00572713494173479
x	m	81	40	1	10887	6826	0.000778127881955118	0.000757116898849182	0.00047438330170778	0.0146658655918614	0.00848013516535394
x	n	19	18	2	2203	1631	0.000182523824162312	0.000340702604482132	0.00094876660341556	0.00296765884990085	0.00202623798047059
x	o	1750	1025	27	3942	10384	0.016811404857055	0.0194011205330103	0.0128083491461101	0.00531026381584619	0.0129003403980421
x	p	29545	12109	630	137120	162953	0.283824546572395	0.229198213204119	0.298861480075901	0.184714199499957	0.202441175739807
x	q	117	54	0	748	360	0.00112396249615739	0.0010221078134464	0	0.0010076299681007	0.000447238303476035
x	r	4	13	0	713	745	3.84260682446972e-05	0.000246062992125984	0	0.000960481507026468	0.00092553482247124
x	s	95	34	0	16866	2667	0.000912619120811559	0.000643549364021805	0	0.0227201698422278	0.00331329043158496
x	t	17176	9734	393	151137	140951	0.16500153704273	0.184244397334949	0.186432637571157	0.203596484610742	0.175107461425696
x	u	2854	742	18	19850	14839	0.0274169996925915	0.0140445184736523	0.00853889943074004	0.0267399129235279	0.018434914403558
x	v	101	76	0	1079	614	0.000970258223178604	0.00143852210781345	0	0.00145351969997414	0.000762789773150794
x	w	451	128	3	675	1230	0.00433253919458961	0.00242277407631738	0.00142314990512334	0.000909291749288732	0.00152806420354312
x	x	158	48	0	5472	12184	0.00151782969566554	0.000908540278619019	0	0.00737132511423399	0.0151365319154223
x	y	402	1164	13	5311	8096	0.00386181985859207	0.0220321017565112	0.00616698292220114	0.00715444219329252	0.0100578925137277
x	z	1	13	0	37	255	9.6065170611743e-06	0.000246062992125984	0	4.98426588499009e-05	0.000316793798295525
y	a	9519	5529	163	38289	94901	0.0223213866976823	0.0342947525120953	0.0282740676496097	0.0202149524864935	0.0228131626474817
y	b	3722	854	122	19587	70081	0.00872782868880906	0.00529710953975933	0.0211621856027754	0.0103410972956449	0.0168467060568188
y	c	4826	3209	84	32318	49295	0.0113166311800625	0.0199044783525617	0.014570685169124	0.0170625201613648	0.0118499789539374
y	d	2364	2599	51	14363	21509	0.00554341403018394	0.016120828681305	0.00884648742411102	0.00758304898439517	0.00517052839679965
y	e	91621	23181	1309	197541	326893	0.214844812546312	0.143784890212132	0.227059843885516	0.104293189405166	0.0785815025903124
y	f	573	304	3	5306	5205	0.00134364477127555	0.00188562213124922	0.000520381613183001	0.00280134080005575	0.00125122508277196
y	g	569	1336	14	4684	7269	0.00133426505210434	0.00828681305049001	0.00242844752818734	0.00247295143374692	0.00174738811271266
y	h	513	273	24	3726	5743	0.00120294898370743	0.00169333829549684	0.00416305290546401	0.00196716845476964	0.0013805543996848
y	i	20332	5254	326	60869	150982	0.0476771125472503	0.0325890088078402	0.0565481352992194	0.032136225623557	0.036294421795788
y	j	22	24	0	1568	1691	5.15884554416441e-05	0.000148864905098623	0	0.000827836859119378	0.00040649790873533
y	k	387	121	8	2696	5568	0.000907487829814375	0.000750527229872224	0.00138768430182134	0.00142337255879199	0.0013384863133284
y	l	8726	5692	202	61493	61381	0.0204618573719903	0.0353057933258901	0.0350390286209887	0.032465670904227	0.0147553211922432
y	m	13181	5324	253	55084	65385	0.0309085195989232	0.0330231981143779	0.0438855160450997	0.0290819933340126	0.0157178390080778
y	n	9088	3577	96	47298	62885	0.0213107219569846	0.0221870735640739	0.016652211621856	0.024971318726166	0.0151168663458434
y	o	40324	7162	1648	321906	1415228	0.094556948964948	0.0444237687631808	0.285862966175195	0.169952584165614	0.340205335531451
y	p	5624	7994	134	86731	96289	0.0131878851547185	0.0495844188065997	0.0232437120555074	0.0457902542272212	0.0231468226695542
y	q	5	19	0	261	363	1.172464896401e-05	0.000117851383203077	0	0.000137796824126376	8.7261230556431e-05
y	r	7860	2744	112	54204	45999	0.0184311481714237	0.0170202208162759	0.0194275802254987	0.0286173910151191	0.0110576565960476
y	s	44676	22239	786	196369	349946	0.104762083423222	0.137941942687012	0.136339982653946	0.103674423589549	0.084123191703308
y	t	7054	2777	168	37233	96318	0.0165411347584253	0.0172249100607865	0.029141370338248	0.0196574297038213	0.0231537939524361
y	u	714	320	3	3913	11438	0.00167427987206063	0.00198486540131497	0.000520381613183001	0.00206589644753452	0.0027495701242547
y	v	282	89	1	1689	2041	0.000661270201570165	0.000552040689740727	0.000173460537727667	0.000891719677967238	0.000490634081448142
y	w	3095	904	72	13877	45067	0.0072575577087222	0.0056072447587148	0.012489158716392	0.00732646179464261	0.0108336139875666
y	x	83	97	0	396	1195	0.000194629172802566	0.000601662324773601	0	0.000209071043502088	0.00028726493254803
y	y	31	85	0	2054	2132	7.26928235768621e-05	0.00052722987222429	0	0.00108442404887194	0.000512509486353473
y	z	707	725	14	4347	5307	0.00165786536351102	0.00449696067485424	0.00242844752818734	0.00229502986389792	0.00127574476739113
z	a	12174	7684	233	87579	70714	0.197851489493101	0.212611715226474	0.197123519458545	0.243033316868225	0.145981152135094
z	b	352	159	0	1192	2645	0.00572069363410314	0.00439943554411887	0	0.00330782166623191	0.00546030697453577
z	c	40	86	0	1267	867	0.000650078822057174	0.00237956891065549	0	0.00351594802945959	0.00178982463021645
z	d	113	43	0	1177	1160	0.00183647267231152	0.00118978445532774	0	0.00326619639358638	0.00239469039336918
z	e	25467	15800	556	122301	192881	0.413888934033252	0.437176613818101	0.470389170896785	0.339387497988112	0.398181273934001
z	f	13	15	0	166	636	0.000211275617168582	0.000415041089067818	0	0.000460653017277263	0.00131295093981276
z	g	148	78	0	1133	952	0.00240529164161155	0.00215821366315265	0	0.00314409559382614	0.00196529763317885
z	h	557	294	1	3236	1547	0.00905234759714615	0.00813480534572923	0.000846023688663283	0.00897995881873026	0.00319360865391563
z	i	7552	4162	124	70725	68438	0.122734881604395	0.11516006751335	0.104906937394247	0.196263160523701	0.141282604432242
z	j	2	21	0	113	343	3.25039411028587e-05	0.000581057524694945	0	0.000313577053929703	0.000708085176660026
z	k	199	78	5	650	4466	0.00323414213973444	0.00215821366315265	0.00423011844331641	0.00180376181463989	0.00921955801447136
z	l	1048	289	35	3514	5075	0.017032065137898	0.00799645831603995	0.0296108291032149	0.00975141387176086	0.0104767704709902
z	m	404	80	3	1445	2782	0.00656579610277746	0.00221355247502836	0.00253807106598985	0.00400990126485328	0.00574312816754575
z	n	107	65	0	2320	1664	0.00173896084900294	0.00179851138596054	0	0.00643804216917621	0.00343514208152269
z	o	3398	2882	59	18149	28083	0.055224195933757	0.0797432279128967	0.0499153976311337	0.050363804882922	0.0579742157905059
z	p	145	24	0	619	1356	0.00235653572995726	0.000664065742508508	0	0.00171773625117245	0.00279931049431777
z	q	23	21	0	302	332	0.000373795322682875	0.000581057524694945	0	0.000838055489263455	0.000685376905688422
z	r	116	53	0	555	1085	0.00188522858396581	0.00146647851470629	0	0.00154013508788483	0.00223986127310825
z	s	146	75	0	740	1184	0.00237278770050869	0.00207520544533909	0	0.0020535134505131	0.00244423571185269
z	t	127	233	0	1083	1814	0.00206400026003153	0.0064469715835201	0	0.00300534468500769	0.00374480032204457
z	u	947	491	15	5332	6647	0.0153906161122036	0.0135856783154866	0.0126903553299492	0.0147963969163998	0.0137219888316595
z	v	127	45	0	650	493	0.00206400026003153	0.00124512326720345	0	0.00180376181463989	0.0010177434171819
z	w	183	26	0	1074	1752	0.00297411061091157	0.000719404554384217	0	0.00298036952142037	0.00361680824929553
z	x	0	16	0	64	471	0	0.000442710495005672	0	0.00017760116328762	0.000972326875238695
z	y	1376	517	23	4068	13475	0.0223627114787668	0.0143050828698708	0.0194585448392555	0.0112887739414693	0.0278176319402153
z	z	3301	999	116	10051	28908	0.0536477547902683	0.0276417365319167	0.0981387478849408	0.0278917076906854	0.0596773361133762

